25
61
98
135
174
213
254
295
338
381
426
471
518
566
615
665
717
769
824
879
936
994
1053
1114
1177
1241
1306
1373
1442
1512
1585
1659
1734
1812
1891
1973
2056
2142
2229
2319
2411
2505
2601
2700
2801
2905
3011
3120
3231
3346
3463
3582
3705
3831
3960
4091
4227
4365
4507
4652
4801
4954
5110
5270
5434
5602
5774
5950
6131
6315
6505
6699
6898
7102
7310
7524
7743
7967
8197
8433
8674
8921
9174
9433
9699
9971
10250
10535
10828
11127
11434
11749
12071
12401
12739
13085
13440
13804
14176
14557
14948
15348
15758
16179
16609
17050
17501
17964
18438
18923
19421
19930
20452
20987
21535
22096
22671
23260
23863
24481
25114
25762
26427
27107
27805
28519
29250
