25
60
96
132
168
204
241
278
315
353
391
429
468
507
546
586
625
666
706
747
788
830
871
914
956
999
1042
1086
1130
1174
1219
1264
1309
1355
1401
1447
1494
1542
1589
1637
1686
1735
1784
1833
1883
1934
1985
2036
2088
2140
2192
2245
2299
2352
2407
2461
2516
2572
2628
2685
2742
2799
2857
2915
2974
3033
3093
3153
3214
3276
3337
3400
3462
3526
3590
3654
3719
3784
3850
3916
3983
4051
4119
4188
4257
4327
4397
4468
4540
4612
4684
4758
4831
4906
4981
5057
5133
5210
5287
5366
5444
5524
5604
5685
5766
5848
5931
6014
6098
6183
6269
6355
6442
6529
6618
6707
6796
6887
6978
7070
7163
7256
7350
7445
7541
7638
7735
7833
7932
8032
8132
8234
8336
8439
8543
8647
8753
8859
8967
9075
9184
9294
9405
9516
9629
9743
9857
9972
10089
10206
10324
10444
10564
10685
10807
10930
11054
11180
11306
11433
11561
11691
11821
11952
12085
12218
12353
12489
12626
12764
12903
13043
13184
13327
13471
13616
13762
13909
14057
14207
14358
14510
14663
14818
14974
15131
15289
15449
15610
15772
15936
16101
16267
16435
16604
16774
16946
17119
17294
17470
17647
17826
18006
18188
18372
18556
18743
18931
19120
19311
19503
19697
19893
20090
20289
20489
20691
20895
21101
21308
21516
21727
21939
22153
22368
22586
22805
23026
23249
23473
23700
23928
24158
24390
24624
24860
25097
25337
25578
25822
26068
26315
26565
26816
27070
27326
27583
27843
28105
28369
28636
28904
29175
29448
29723
